"0",""
"0","fig <- plot_ly(z = ~elev2)"
"0",""
"0",""
